$ANSIBLE_VAULT;1.1;AES256
35393730656534613364333337663230633866323032613630373530613736373333386165373963
3936356539633464643935616432363438343065626536300a396232653532646365376637366632
33393463363663313135636231656237303933383866366565336237393831393664336364623563
6432373234326161310a373038633635386362613761343466396562393237663237356235363964
39373536323461346365633366326530626535646432326534653532313936366535333164316239
30663531326461653833343263356132666631636132663864303333333135373538636361343532
62303430646432353036323038323666613334363230333833353035303235653837376466666337
30376665316265373863396533303738633130333363396432653236383634343531316137386330
32386661316633636330666431643435323133613234333662656339653632386561306564303531
62316235303763613464646662383235623962323035393932383233383132313363336338363765
65653765633339343936356438343765616635343865656431646561633535386132646330336539
34663363636337613038613834366262623032376530376532386333336139343433646636356138
3266
