$ANSIBLE_VAULT;1.1;AES256
38313364613431326131376231643664353737663838613130613235653464653337656139383161
3538666239393332656138373439666361663930393937610a356165336134623462666534633539
32656431313735376336376361356464376262636163616637383265333962373564303136383734
3062366266386561370a623737366130623630623461326539633763373633376564613564666432
33666234343939653164313330356430633938306164343533353332366661616334616165353934
65616139643661373261303337643233343164343066383434633762303731663664393362373266
34346131663531663334346163613465336633613530653434366238656638306233623536363461
61363266646632616431613032353866643135396165633761303238333636356262356630366631
36616436316466366436346230353366313661333439303932333066613066316630666635303763
37353361643330333065363164613066356334643236646536616536306338363734393362623961
35386632633738376632653231663864336664393433636239346632303032666665633631666239
62646438623836373837366566656134323965343161623061646663373839343233326336376333
38656436373063616139623433313735383033626237393530333730633361316666623661373661
35623834353239313663393430373033316661363365383765653863303262353762386634346266
66636464333962623331353463616231366361643637333633366264633138383731353935366265
38653266383264366566663435326165633738663132353865326461316635366262313439356335
38333534336661613338623135646631666633343538383733303063653436613563383664323838
32663666393132303061316261326661616137333738393664656435393332316465333061353165
65373735613639633962616538346330326261383662306537653262326463383830336161643563
35303034306264646134346434666131333633383432623064383661333335343938366234633934
38616139366164643536613261336432636361353134666330343832343630363265366561313234
65356434636366306264663134643331326532333131323031666634343466333330343030633461
63613363353966663863626130653336663632376364363334613763623930353461383366306264
66646163653062396636396630326565376162323262616536353739386137373432363337386266
3330
