$ANSIBLE_VAULT;1.1;AES256
35663433333564356536613737613130363763393663306132663366313330653365396466363239
3964363361653464666537646462316238383533616163620a633635326563616362353137303635
30353439366331386563626233656536386463373664376563333730643332666232653663343166
3930616263343833350a383136393830303766366663623465343739653234636565623036366433
64636332306631363230316636616530323836386363663065626665346332303062373633373466
64373965303236373362366633326631356632313936356166303130613931386437623465396531
35313731383161616465343264356636333966653837393239356531643563623961636364333330
63653838663962376133346336636630663332653331356363386265613836366431636432306166
65313033653138343936393436643662353165643162653438626333313434666662336561653131
30333637393335336132366331326364616661373132363839633634613661626562633739656332
37303931643936313933613836313963623336306463623434363164353733343836373134343665
61653061656536303364666463323534323362346232343961666430386335363065326166343133
31356237366464646365393430323737363137656463383436303239333662366332306534356331
30313232376161363063646165306634666234623564306135383962383735363636616563366331
65653062376137663430356638396133356534303630316266353462623565306638393037393730
38326534663135623935363764303437646565356161366632613961333936373836373235363638
30333431396136316531323035643937636438613230613462313965646532616236666162353764
35636230623835633765393138613037333832633664356664663838653961316261396261323265
61383862313562373966353136373335626464393730366366373033663137376439393530376566
39313234313534326164
